384 128
2 6
2 2 2 2 2 2 2 2 2 2 2 2 2 2 2 2 2 2 2 2 2 2 2 2 2 2 2 2 2 2 2 2 2 2 2 2 2 2 2 2 2 2 2 2 2 2 2 2 2 2 2 2 2 2 2 2 2 2 2 2 2 2 2 2 2 2 2 2 2 2 2 2 2 2 2 2 2 2 2 2 2 2 2 2 2 2 2 2 2 2 2 2 2 2 2 2 2 2 2 2 2 2 2 2 2 2 2 2 2 2 2 2 2 2 2 2 2 2 2 2 2 2 2 2 2 2 2 2 2 2 2 2 2 2 2 2 2 2 2 2 2 2 2 2 2 2 2 2 2 2 2 2 2 2 2 2 2 2 2 2 2 2 2 2 2 2 2 2 2 2 2 2 2 2 2 2 2 2 2 2 2 2 2 2 2 2 2 2 2 2 2 2 2 2 2 2 2 2 2 2 2 2 2 2 2 2 2 2 2 2 2 2 2 2 2 2 2 2 2 2 2 2 2 2 2 2 2 2 2 2 2 2 2 2 2 2 2 2 2 2 2 2 2 2 2 2 2 2 2 2 2 2 2 2 2 2 2 2 2 2 2 2 2 2 2 2 2 2 2 2 2 2 2 2 2 2 2 2 2 2 2 2 2 2 2 2 2 2 2 2 2 2 2 2 2 2 2 2 2 2 2 2 2 2 2 2 2 2 2 2 2 2 2 2 2 2 2 2 2 2 2 2 2 2 2 2 2 2 2 2 2 2 2 2 2 2 2 2 2 2 2 2 2 2 2 2 2 2 2 2 2 2 2 2 2 2 2 2 2 2 2 2 2 2 2 2 2 2 2 2 2 2 2 2 2 2 2 2 2 2 2 2 2 2
6 6 6 6 6 6 6 6 6 6 6 6 6 6 6 6 6 6 6 6 6 6 6 6 6 6 6 6 6 6 6 6 6 6 6 6 6 6 6 6 6 6 6 6 6 6 6 6 6 6 6 6 6 6 6 6 6 6 6 6 6 6 6 6 6 6 6 6 6 6 6 6 6 6 6 6 6 6 6 6 6 6 6 6 6 6 6 6 6 6 6 6 6 6 6 6 6 6 6 6 6 6 6 6 6 6 6 6 6 6 6 6 6 6 6 6 6 6 6 6 6 6 6 6 6 6 6 6
22 81
22 107
22 72
22 68
22 66
14 74
14 111
23 79
23 108
23 127
23 74
14 94
24 97
24 77
24 110
24 83
24 90
2 101
25 103
25 105
25 117
25 84
25 89
14 122
10 125
26 97
26 93
26 78
15 116
7 126
27 105
27 81
27 103
27 93
27 75
15 68
28 105
28 117
28 78
28 115
28 118
15 99
29 90
29 117
29 113
29 108
29 97
15 85
30 84
30 76
11 126
30 99
30 90
16 98
31 110
31 103
31 106
31 93
31 101
11 123
32 89
32 105
32 73
32 127
32 101
16 111
33 118
33 78
33 118
33 100
33 102
11 86
34 81
34 118
34 128
34 110
34 85
16 114
35 92
35 112
35 69
35 71
35 122
11 99
36 72
36 84
36 91
36 89
36 92
17 87
37 109
37 110
37 73
37 88
37 88
17 115
38 71
38 90
17 98
38 92
38 65
11 128
39 68
39 94
39 109
39 105
39 83
7 113
40 112
40 96
40 114
40 102
40 123
9 80
41 77
41 79
41 118
41 76
41 74
7 113
42 108
42 96
42 88
42 100
42 120
18 123
43 119
43 104
43 84
43 77
43 93
18 78
44 126
44 66
44 114
44 101
44 68
12 123
45 82
45 109
45 71
18 67
45 97
6 124
46 70
46 106
46 83
46 76
46 116
12 66
47 94
47 81
47 91
47 94
47 76
19 112
48 112
48 122
48 119
48 126
48 87
19 107
49 96
49 65
49 95
49 70
49 82
9 128
50 120
50 103
50 110
50 107
50 82
5 99
51 102
51 121
51 72
51 82
51 114
5 126
52 75
52 120
52 65
52 121
52 75
20 95
53 91
53 83
53 127
53 69
53 128
20 121
54 67
54 73
54 91
54 70
54 106
13 125
55 80
55 83
55 103
55 67
55 73
20 80
56 91
56 80
56 117
56 108
56 109
20 123
57 66
57 72
57 71
57 104
57 82
13 69
58 107
58 66
58 128
58 127
58 124
21 116
59 111
59 120
59 87
59 109
59 88
21 85
60 92
60 111
60 74
60 85
60 113
21 107
61 78
61 89
61 76
61 125
61 71
21 75
62 97
62 86
62 95
62 114
62 65
3 98
63 108
63 104
63 102
63 96
63 70
4 116
64 77
64 121
64 98
64 70
64 124
1 84
1 99
1 95
1 116
1 104
1 124
2 101
2 111
2 108
2 113
2 79
3 98
3 113
3 122
3 67
3 85
4 97
4 99
4 83
4 115
4 68
5 101
5 65
5 95
5 126
6 78
6 124
6 128
6 69
6 106
7 87
7 74
7 95
8 66
8 94
8 98
8 114
8 75
8 80
9 69
9 123
9 117
9 86
10 125
10 118
10 100
10 88
10 92
11 84
12 93
12 117
12 105
12 112
13 100
13 68
13 72
13 102
14 100
14 119
15 115
15 103
16 104
16 90
16 77
17 124
17 107
17 127
18 116
18 121
18 82
19 81
19 65
19 91
19 110
20 79
20 71
21 122
21 89
22 87
23 120
23 115
24 104
25 106
26 109
26 122
26 76
27 111
28 88
29 86
30 94
30 73
31 72
32 86
33 80
34 102
35 106
36 73
37 69
38 86
38 96
39 87
40 115
41 121
42 74
43 77
44 67
45 81
45 70
46 125
47 85
48 93
49 125
50 75
51 92
52 119
53 120
54 119
55 119
56 96
57 67
58 90
59 112
60 127
61 79
62 89
63 79
64 100
258 259 260 261 262 263
18 264 265 266 267 268
246 269 270 271 272 273
252 274 275 276 277 278
174 180 279 280 281 282
144 283 284 285 286 287
30 108 120 288 289 290
291 292 293 294 295 296
114 168 297 298 299 300
25 301 302 303 304 305
51 60 72 84 102 306
138 150 307 308 309 310
198 216 311 312 313 314
6 7 12 24 315 316
29 36 42 48 317 318
54 66 78 319 320 321
90 96 99 322 323 324
126 132 142 325 326 327
156 162 328 329 330 331
186 192 204 210 332 333
222 228 234 240 334 335
1 2 3 4 5 336
8 9 10 11 337 338
13 14 15 16 17 339
19 20 21 22 23 340
26 27 28 341 342 343
31 32 33 34 35 344
37 38 39 40 41 345
43 44 45 46 47 346
49 50 52 53 347 348
55 56 57 58 59 349
61 62 63 64 65 350
67 68 69 70 71 351
73 74 75 76 77 352
79 80 81 82 83 353
85 86 87 88 89 354
91 92 93 94 95 355
97 98 100 101 356 357
103 104 105 106 107 358
109 110 111 112 113 359
115 116 117 118 119 360
121 122 123 124 125 361
127 128 129 130 131 362
133 134 135 136 137 363
139 140 141 143 364 365
145 146 147 148 149 366
151 152 153 154 155 367
157 158 159 160 161 368
163 164 165 166 167 369
169 170 171 172 173 370
175 176 177 178 179 371
181 182 183 184 185 372
187 188 189 190 191 373
193 194 195 196 197 374
199 200 201 202 203 375
205 206 207 208 209 376
211 212 213 214 215 377
217 218 219 220 221 378
223 224 225 226 227 379
229 230 231 232 233 380
235 236 237 238 239 381
241 242 243 244 245 382
247 248 249 250 251 383
253 254 255 256 257 384
101 164 183 245 280 329
5 134 150 211 218 291
142 193 202 272 363 377
4 36 103 137 278 312
81 190 216 286 297 355
145 166 196 251 256 365
82 97 141 213 239 333
3 85 177 212 313 349
63 93 194 203 348 354
6 11 119 231 289 361
35 181 185 240 295 370
50 118 148 155 237 343
14 115 130 253 321 362
28 39 68 132 235 283
8 116 268 332 381 383
114 199 204 206 296 351
1 32 73 152 328 364
139 167 173 178 215 327
16 107 147 188 200 276
22 49 86 129 258 306
48 77 228 232 273 367
72 242 300 346 350 356
90 161 225 288 336 358
94 95 123 227 304 345
23 61 88 236 335 382
17 43 53 98 320 378
87 153 187 195 205 330
79 89 100 229 305 371
27 34 58 131 307 368
12 104 151 154 292 347
165 186 243 260 281 290
110 122 163 250 357 376
13 26 47 143 241 274
54 99 246 255 269 293
42 52 84 174 259 275
70 124 303 311 315 384
18 59 65 136 264 279
71 112 175 249 314 352
19 33 56 170 201 318
128 214 248 262 319 339
20 31 37 62 106 309
57 146 197 287 340 353
2 162 172 217 234 323
9 46 121 208 247 266
91 105 140 209 226 341
15 55 76 92 171 331
7 66 223 230 265 344
80 109 156 157 310 379
45 108 120 233 267 270
78 111 135 179 244 294
40 96 277 317 338 359
29 149 222 252 261 325
21 38 44 207 299 308
41 67 69 74 117 302
127 159 316 372 374 375
125 169 182 224 337 373
176 184 192 254 326 360
24 83 158 271 334 342
60 113 126 138 210 298
144 221 257 263 284 322
25 198 238 301 366 369
30 51 133 160 180 282
10 64 189 220 324 380
75 102 168 191 219 285